40.7812,73.9665 40.7127,74.0134 5.62403340785201 Central_Park--One_World_Trade_Center
40.7812,73.9665 40.7937,73.9525 1.603908872087116 Central_Park--Conservatory_Garden
40.7812,73.9665 40.7484,73.9857 2.3611552605462216 Central_Park--Empire_State_Building
40.7812,73.9665 40.7794,73.9632 0.3712014087479457 Central_Park--Metropolitan_Museum_of_Art
40.7812,73.9665 40.7536,73.9832 2.041734833400204 Central_Park--Bryant_Park
40.6892,74.0445 40.7678,73.9718 8.43749836219274 Statue_of_Liberty--Central_Park_Zoo
40.6892,74.0445 40.8100,73.9501 11.134325411829774 Statue_of_Liberty--Apollo_Theater
40.6892,74.0445 40.7536,73.9832 7.098047432803188 Statue_of_Liberty--Bryant_Park
40.6892,74.0445 40.6602,73.9690 8.444749534636358 Statue_of_Liberty--Prospect_Park
40.6892,74.0445 40.7580,73.9855 6.892633717240002 Statue_of_Liberty--Times_Square
40.7580,73.9855 40.7484,73.9857 0.29542406707166147 Times_Square--Empire_State_Building
40.7580,73.9855 40.7812,73.9665 2.23018682650949 Times_Square--Central_Park
40.7580,73.9855 40.8100,73.9501 4.249219443912751 Times_Square--Apollo_Theater
40.7580,73.9855 40.7127,74.0134 3.399941057608877 Times_Square--One_World_Trade_Center
40.7580,73.9855 40.7794,73.9691 1.938880358987558 Times_Square--Belvedere_Castle
40.7678,73.9718 40.7812,73.9665 0.7189915596376543 Central_Park_Zoo--Central_Park
40.7678,73.9718 40.7127,74.0134 4.926152179984474 Central_Park_Zoo--One_World_Trade_Center
40.7678,73.9718 40.7614,73.9776 0.6744011288112556 Central_Park_Zoo--Museum_of_Modern_Art
40.7678,73.9718 40.7536,73.9832 1.3408698791865294 Central_Park_Zoo--Bryant_Park
40.7484,73.9857 40.7527,73.9772 0.9546213792015952 Empire_State_Building--Grand_Central_Terminal
40.7484,73.9857 40.8100,73.9501 4.388693555692466 Empire_State_Building--Apollo_Theater
40.7484,73.9857 40.7580,73.9855 0.29542406707166147 Empire_State_Building--Times_Square
40.7484,73.9857 40.7564,73.9888 0.42325853664271385 Empire_State_Building--Madame_Tussauds_New_York
40.7484,73.9857 40.7580,73.9855 0.29542406707166147 Empire_State_Building--Times_Square
40.7061,73.9969 40.7937,73.9525 5.623630017058927 Brooklyn_Bridge--Conservatory_Garden
40.7061,73.9969 40.7484,73.9857 1.798786217453537 Brooklyn_Bridge--Empire_State_Building
40.7061,73.9969 40.7678,73.9718 3.3733886050619084 Brooklyn_Bridge--Central_Park_Zoo
40.7061,73.9969 40.7127,74.0134 1.8464066450351957 Brooklyn_Bridge--One_World_Trade_Center
40.7061,73.9969 40.7600,73.9800 2.503651031887428 Brooklyn_Bridge--Radio_City_Music_Hall
40.7587,73.9787 40.7484,73.9857 0.8403394580341983 Rockefeller_Center--Empire_State_Building
40.7587,73.9787 40.6602,73.9690 3.211395639041423 Rockefeller_Center--Prospect_Park
40.7587,73.9787 40.7505,73.9934 1.6543256910480704 Rockefeller_Center--Madison_Square_Garden
40.7587,73.9787 40.7937,73.9525 3.1062822336015463 Rockefeller_Center--Conservatory_Garden
40.7587,73.9787 40.7794,73.9632 1.8375496594548055 Rockefeller_Center--Metropolitan_Museum_of_Art
40.6602,73.9690 40.7587,73.9787 3.211395639041423 Prospect_Park--Rockefeller_Center
40.6602,73.9690 40.6954,73.9997 3.581542905133751 Prospect_Park--Brooklyn_Bridge_Park
40.6602,73.9690 40.7812,73.9665 3.7274185891680274 Prospect_Park--Central_Park
40.6602,73.9690 40.7614,73.9776 3.2516303584380517 Prospect_Park--Museum_of_Modern_Art
40.6602,73.9690 40.8100,73.9501 5.061283227093176 Prospect_Park--Apollo_Theater
40.7480,74.0048 40.7061,73.9969 1.556344767386857 The_High_Line--Brooklyn_Bridge
40.7480,74.0048 40.7536,73.9832 2.4086957023934477 The_High_Line--Bryant_Park
40.7480,74.0048 40.7536,73.9832 2.4086957023934477 The_High_Line--Bryant_Park
40.7480,74.0048 40.8100,73.9501 6.375073548797606 The_High_Line--Apollo_Theater
40.7480,74.0048 40.6892,74.0445 4.768614015051364 The_High_Line--Statue_of_Liberty
40.7794,73.9632 40.8506,73.8770 9.835728647368079 Metropolitan_Museum_of_Art--Bronx_Zoo
40.7794,73.9632 40.7678,73.9718 1.020795437431563 Metropolitan_Museum_of_Art--Central_Park_Zoo
40.7794,73.9632 40.8506,73.8770 9.835728647368079 Metropolitan_Museum_of_Art--Bronx_Zoo
40.7794,73.9632 40.7580,73.9855 2.565994508639153 Metropolitan_Museum_of_Art--Times_Square
40.7794,73.9632 40.7564,73.9888 2.933746166227931 Metropolitan_Museum_of_Art--Madame_Tussauds_New_York
40.7536,73.9832 40.7527,73.9772 0.6679505587802266 Bryant_Park--Grand_Central_Terminal
40.7536,73.9832 40.7527,73.9772 0.6679505587802266 Bryant_Park--Grand_Central_Terminal
40.7536,73.9832 40.7505,73.9934 1.1385239766916038 Bryant_Park--Madison_Square_Garden
40.7536,73.9832 40.6954,73.9997 2.5603808159998196 Bryant_Park--Brooklyn_Bridge_Park
40.7536,73.9832 40.7813,73.9740 1.3305224086370233 Bryant_Park--American_Museum_of_Natural_History
40.7794,73.9691 40.7127,74.0134 5.335390421940287 Belvedere_Castle--One_World_Trade_Center
40.7794,73.9691 40.7061,73.9969 3.8239374698459736 Belvedere_Castle--Brooklyn_Bridge
40.7794,73.9691 40.7127,74.0134 5.335390421940287 Belvedere_Castle--One_World_Trade_Center
40.7794,73.9691 40.7426,73.9878 2.3670004222582857 Belvedere_Castle--Madison_Square_Park
40.7794,73.9691 40.8100,73.9501 2.313182328124047 Belvedere_Castle--Apollo_Theater
40.7505,73.9934 40.7794,73.9632 3.4743320729255713 Madison_Square_Garden--Metropolitan_Museum_of_Art
40.7505,73.9934 40.7484,73.9857 0.8588893768526527 Madison_Square_Garden--Empire_State_Building
40.7505,73.9934 40.8100,73.9501 5.151261316751824 Madison_Square_Garden--Apollo_Theater
40.7505,73.9934 40.7127,74.0134 2.5082574196270278 Madison_Square_Garden--One_World_Trade_Center
40.7527,73.9772 40.7127,74.0134 4.209238656101284 Grand_Central_Terminal--One_World_Trade_Center
40.7527,73.9772 40.7426,73.9878 1.2191054847377727 Grand_Central_Terminal--Madison_Square_Park
40.7527,73.9772 40.7678,73.9718 0.7587887717686869 Grand_Central_Terminal--Central_Park_Zoo
40.7527,73.9772 40.6954,73.9997 3.0584195380368873 Grand_Central_Terminal--Brooklyn_Bridge_Park
40.7527,73.9772 40.7937,73.9525 3.0224085332088824 Grand_Central_Terminal--Conservatory_Garden
40.7813,73.9740 40.7505,73.9934 2.355807109209805 American_Museum_of_Natural_History--Madison_Square_Garden
40.7813,73.9740 40.6892,74.0445 8.334062172533121 American_Museum_of_Natural_History--Statue_of_Liberty
40.7813,73.9740 40.7587,73.9787 0.8687845408862827 American_Museum_of_Natural_History--Rockefeller_Center
40.7813,73.9740 40.7061,73.9969 3.4370164017507463 American_Museum_of_Natural_History--Brooklyn_Bridge
40.7813,73.9740 40.6954,73.9997 3.88827332679321 American_Museum_of_Natural_History--Brooklyn_Bridge_Park
40.7614,73.9776 40.8506,73.8770 11.521944130174075 Museum_of_Modern_Art--Bronx_Zoo
40.7614,73.9776 40.7587,73.9787 0.14778668910710646 Museum_of_Modern_Art--Rockefeller_Center
40.7614,73.9776 40.6954,73.9997 3.1847851224731802 Museum_of_Modern_Art--Brooklyn_Bridge_Park
40.7614,73.9776 40.7813,73.9740 0.7305347466948596 Museum_of_Modern_Art--American_Museum_of_Natural_History
40.7614,73.9776 40.7587,73.9787 0.14778668910710646 Museum_of_Modern_Art--Rockefeller_Center
40.6954,73.9997 40.8506,73.8770 14.459474631579628 Brooklyn_Bridge_Park--Bronx_Zoo
40.6954,73.9997 40.7812,73.9665 4.535529439594056 Brooklyn_Bridge_Park--Central_Park
40.6954,73.9997 40.7794,73.9632 4.809383955870429 Brooklyn_Bridge_Park--Metropolitan_Museum_of_Art
40.6954,73.9997 40.7536,73.9832 2.5603808159998196 Brooklyn_Bridge_Park--Bryant_Park
40.6954,73.9997 40.7127,74.0134 1.613448872188038 Brooklyn_Bridge_Park--One_World_Trade_Center
40.7127,74.0134 40.7794,73.9691 5.335390421940287 One_World_Trade_Center--Belvedere_Castle
40.7127,74.0134 40.7812,73.9665 5.62403340785201 One_World_Trade_Center--Central_Park
40.7127,74.0134 40.8100,73.9501 7.648029614723209 One_World_Trade_Center--Apollo_Theater
40.7127,74.0134 40.6892,74.0445 3.533223895121478 One_World_Trade_Center--Statue_of_Liberty
40.7127,74.0134 40.7527,73.9772 4.209238656101284 One_World_Trade_Center--Grand_Central_Terminal
40.7937,73.9525 40.7564,73.9888 4.197025181851333 Conservatory_Garden--Madame_Tussauds_New_York
40.7937,73.9525 40.7678,73.9718 2.289526331268483 Conservatory_Garden--Central_Park_Zoo
40.7937,73.9525 40.7794,73.9691 1.897994723084856 Conservatory_Garden--Belvedere_Castle
40.7937,73.9525 40.7614,73.9776 2.9630017341531025 Conservatory_Garden--Museum_of_Modern_Art
40.7937,73.9525 40.7564,73.9888 4.197025181851333 Conservatory_Garden--Madame_Tussauds_New_York
40.8506,73.8770 40.7812,73.9665 10.182037515350293 Bronx_Zoo--Central_Park
40.8506,73.8770 40.7614,73.9776 11.521944130174075 Bronx_Zoo--Museum_of_Modern_Art
40.8506,73.8770 40.7937,73.9525 8.578977536223379 Bronx_Zoo--Conservatory_Garden
40.8506,73.8770 40.7484,73.9857 12.4933841980153 Bronx_Zoo--Empire_State_Building
40.8506,73.8770 40.7587,73.9787 11.66068234183558 Bronx_Zoo--Rockefeller_Center
40.7426,73.9878 40.7564,73.9888 0.4377635837721092 Madison_Square_Park--Madame_Tussauds_New_York
40.7426,73.9878 40.7580,73.9855 0.5373419890314401 Madison_Square_Park--Times_Square
40.7426,73.9878 40.7812,73.9665 2.64905975759442 Madison_Square_Park--Central_Park
40.7426,73.9878 40.7564,73.9888 0.4377635837721092 Madison_Square_Park--Madame_Tussauds_New_York
40.7600,73.9800 40.7564,73.9888 0.9850374802342637 Radio_City_Music_Hall--Madame_Tussauds_New_York
40.7600,73.9800 40.7812,73.9665 1.6366588485056766 Radio_City_Music_Hall--Central_Park
40.7600,73.9800 40.6602,73.9690 3.29974873435348 Radio_City_Music_Hall--Prospect_Park
40.7600,73.9800 40.7813,73.9740 0.9343709883833722 Radio_City_Music_Hall--American_Museum_of_Natural_History
40.7600,73.9800 40.7484,73.9857 0.7271290599556699 Radio_City_Music_Hall--Empire_State_Building
40.8100,73.9501 40.7484,73.9857 4.388693555692466 Apollo_Theater--Empire_State_Building
40.8100,73.9501 40.7536,73.9832 4.069048597118646 Apollo_Theater--Bryant_Park
40.8100,73.9501 40.7480,74.0048 6.375073548797606 Apollo_Theater--The_High_Line
40.8100,73.9501 40.6602,73.9690 5.061283227093176 Apollo_Theater--Prospect_Park
40.8100,73.9501 40.7564,73.9888 4.608699113997479 Apollo_Theater--Madame_Tussauds_New_York
40.7564,73.9888 40.7813,73.9740 1.8149646778742874 Madame_Tussauds_New_York--American_Museum_of_Natural_History
40.7564,73.9888 40.7536,73.9832 0.6287847854227566 Madame_Tussauds_New_York--Bryant_Park
40.7564,73.9888 40.7580,73.9855 0.3703269101693536 Madame_Tussauds_New_York--Times_Square
40.7564,73.9888 40.7127,74.0134 3.046623503005302 Madame_Tussauds_New_York--One_World_Trade_Center
40.7564,73.9888 40.7061,73.9969 1.786627162815717 Madame_Tussauds_New_York--Brooklyn_Bridge